0.000000018626451492309570000000
0.000000000000000000000000000000
0.000000014901161193847656000000
0.000000059604644775390625000000
0.000000018626451492309570000000
0.000000000000000000000000000000
0.000000000000000000000000000000
0.000000029802322387695313000000
0.000000000000000000000000000000
0.000000000000000000000000000000
0.000000000000000000000000000000
0.000000000000000000000000000000
0.000000000000000000000000000000
0.000000000000000000000000000000
0.000000000000000000000000000000
0.000000000000000000000000000000
