0.000000007450580596923828100000
0.000000000000000000000000000000
0.000000007450580596923828100000
0.000000000000000000000000000000
0.000000003725290298461914100000
0.000000000000000000000000000000
0.000000007450580596923828100000
0.000000029802322387695313000000
0.000000000000000000000000000000
0.000000000000000000000000000000
0.000000000000000000000000000000
0.000000000000000000000000000000
0.000000000000000000000000000000
0.000000000000000000000000000000
0.000000000000000000000000000000
0.000000000000000000000000000000
